0.01 0.005 0.005
0.01 0.025 0.015
0.01 0.045 0.035
0.01 0.065 0.055
0.01 0.085 0.075
0.01 0.105 0.095
0.01 0.125 0.115
0.01 0.145 0.135
0.03 0.015 0.015
0.03 0.035 0.005
0.03 0.035 0.025
0.03 0.055 0.025
0.03 0.055 0.045
0.03 0.075 0.045
0.03 0.075 0.065
0.03 0.095 0.065
0.03 0.095 0.085
0.03 0.115 0.085
0.03 0.115 0.105
0.03 0.135 0.105
0.03 0.135 0.125
0.05 0.025 0.025
0.05 0.045 0.005
0.05 0.045 0.025
0.05 0.065 0.015
0.05 0.065 0.035
0.05 0.065 0.055
0.05 0.085 0.035
0.05 0.085 0.055
0.05 0.085 0.075
0.05 0.105 0.055
0.05 0.105 0.075
0.05 0.105 0.095
0.05 0.125 0.075
0.05 0.125 0.095
0.05 0.125 0.115
0.05 0.145 0.095
0.05 0.145 0.115
0.05 0.145 0.135
0.07 0.035 0.035
0.07 0.055 0.015
0.07 0.055 0.035
0.07 0.055 0.055
0.07 0.075 0.005
0.07 0.075 0.025
0.07 0.075 0.045
0.07 0.075 0.065
0.07 0.095 0.025
0.07 0.095 0.045
0.07 0.095 0.065
0.07 0.095 0.085
0.07 0.115 0.045
0.07 0.115 0.065
0.07 0.115 0.085
0.07 0.115 0.105
0.07 0.135 0.065
0.07 0.135 0.085
0.07 0.135 0.105
0.07 0.135 0.125
0.09 0.045 0.045
0.09 0.065 0.025
0.09 0.065 0.045
0.09 0.085 0.005
0.09 0.085 0.025
0.09 0.085 0.045
0.09 0.085 0.065
0.09 0.085 0.085
0.09 0.105 0.015
0.09 0.105 0.035
0.09 0.105 0.055
0.09 0.105 0.075
0.09 0.105 0.095
0.09 0.125 0.035
0.09 0.125 0.055
0.09 0.125 0.075
0.09 0.125 0.095
0.09 0.125 0.115
0.09 0.145 0.055
0.09 0.145 0.075
0.09 0.145 0.095
0.09 0.145 0.115
0.09 0.145 0.135
0.11 0.055 0.055
0.11 0.075 0.035
0.11 0.075 0.055
0.11 0.075 0.075
0.11 0.095 0.015
0.11 0.095 0.035
0.11 0.095 0.055
0.11 0.095 0.075
0.11 0.095 0.095
0.11 0.115 0.005
0.11 0.115 0.025
0.11 0.115 0.045
0.11 0.115 0.065
0.11 0.115 0.085
0.11 0.115 0.105
0.11 0.135 0.025
0.11 0.135 0.045
0.11 0.135 0.065
0.11 0.135 0.085
0.11 0.135 0.105
0.11 0.135 0.125
0.13 0.065 0.065
0.13 0.085 0.045
0.13 0.085 0.065
0.13 0.085 0.085
0.13 0.105 0.025
0.13 0.105 0.045
0.13 0.105 0.065
0.13 0.105 0.085
0.13 0.105 0.105
0.13 0.125 0.005
0.13 0.125 0.025
0.13 0.125 0.045
0.13 0.125 0.065
0.13 0.125 0.085
0.13 0.125 0.105
0.13 0.125 0.125
0.13 0.145 0.015
0.13 0.145 0.035
0.13 0.145 0.055
0.13 0.145 0.075
0.13 0.145 0.095
0.13 0.145 0.115
0.13 0.145 0.135
0.15 0.075 0.075
0.15 0.095 0.055
0.15 0.095 0.075
0.15 0.095 0.095
0.15 0.115 0.035
0.15 0.115 0.055
0.15 0.115 0.075
0.15 0.115 0.095
0.15 0.115 0.115
0.15 0.135 0.015
0.15 0.135 0.035
0.15 0.135 0.055
0.15 0.135 0.075
0.15 0.135 0.095
0.15 0.135 0.115
0.15 0.135 0.135
